QGC WPL 110
0	0	0	16	0.000000	0.000000	0.000000	0.000000	37.619373	-122.376640	4.760000	1
1	0	3	22	0.000000	0.000000	0.000000	0.000000	37.616890	-122.370613	30.000000	1
2	0	3	16	0.000000	0.000000	0.000000	0.000000	37.613724	-122.363075	150.000000	1
3	0	3	16	0.000000	0.000000	0.000000	0.000000	37.612061	-122.363998	100.000000	1
4	0	3	16	0.000000	0.000000	0.000000	0.000000	37.615513	-122.371498	250.000000	1
5	0	3	16	0.000000	0.000000	0.000000	0.000000	37.619946	-122.368759	120.000000	1
6	0	3	16	0.000000	0.000000	0.000000	0.000000	37.616886	-122.361412	240.000000	1
7	0	3	16	0.000000	0.000000	0.000000	0.000000	37.615604	-122.362091	200.000000	1
8	0	3	16	0.000000	0.000000	0.000000	0.000000	37.618660	-122.369385	80.000000	1
9	0	0	177	2.000000	1.000000	0.000000	0.000000	0.000000	0.000000	0.000000	1
